10000     BOT-NORMAL
-10000     mai
4 5 3 4 5 4 3 6 3 5 2 5 6 5 5 5 4 3 3 2 7 6
-10000    BOT-HARD
10000    tuong vy
7 7 6 6 6 7 7 6 8 7 5 7 9 7 10 7 8 6 7 5 8 4 8 5 4 8 9 5 6 5 9 6 7 4 6 4 10 5 5 6 4 6 4 7 11 8 5 9 5 8 6 8 9 4 11 6 10 4 11 4 10 3 10 2 8 3 9 3 9 2 10 1 7 2 6 1 8 2 6 2 8 1 8 0 7 0 6 3 6 0 7 1 5 3 8 8 9 1 9 8 8 9 7 8 12 5 10 8
10000   BOT-NORMAL
-10000   tuong vy
4 5 5 5 5 4 3 6 3 4 4 4 5 6 6 7 6 3 7 2 4 3 2 3 6 5 3 2 7 4 4 7 5 2 4 1 2 5 1 6 6 1
10000  BOT-NORMAL
-10000  tuong vy
4 5 3 4 3 6 5 4 4 4 4 6 3 5 5 3 5 5 2 5 6 5
10000 BOT-EASY
-10000 hoa
4 5 3 5 3 4 5 6 2 3 1 2 4 3 4 4 3 3 5 3 1 3
10000 BOT-NORMAL
-10000 luu tranh
4 5 5 5 5 4 6 3 4 3 4 4 6 5 7 6 3 2
10000 BOT-NORMAL
-10000 haha
4 5 5 5 5 4 3 6 3 4 4 4 5 6 6 7 2 3
10000 BOT-HARD
-10000 thanh
4 5 3 5 3 4 5 6 4 4 4 6 2 4 5 4 1 4
10000 BOT-HARD
-10000 thien
4 5 3 5 3 4 5 6 4 4 4 6 2 4 5 4 1 4
10000 BOT-HARD
-10000 thien
4 5 3 5 3 4 5 6 4 4 4 6 2 4 5 4 1 4
